35130804617659000142550010000563191000438999
35130907258546000196550010000004591400546012
35130904617659000142550010000568301000438997
35130952559499000175550000000229071764813953
35131001769773000108550030000324591319486810
42131082749987000106550020001590081598378621
35131102848062000183550010000006441066001274
42131203243927000140550010000039181000039273
35131203013854000362550000000537791705547510
35140107536973000199550020000116941009113052
35140100776574000741550010258345631721046786
35140207536973000199550020000119421000675302
35140245239423000105550000000081951000511339
35140206374756000187550010000119691000001303
35140204617659000142550010000688991000438990
35140204617659000142550010000689001000438992
35140204617659000142550010000694401000438995
35140205953723000129550030000982491350877052
35140304617659000142550010000696341000438992
35140308192600000100550010000014991200478106
35140309325294000104550010000018321055404007
35140343249515000132550010000154661414508088
35140455881809000161550010000108471005035560
43140407557579000137550000000054601123574330
35140409609532000103550010001990111009878793
43140407557579000137550000000055031437120510
35140404617659000142550010000723211000438993
35140417192860000177550010000002921000002929
35140409609532000103550010002015881006092914
35140509325294000104550010000018801402399019
35140505953723000129550030001031071145114479
35140504617659000142550010000731371000438990
35140517192860000177550010000002981000002985
35140505953723000129550030001039451991486501
35140502558157011520550000021604721665678060
35140505953723000129550030001039831105632199
35140503729259000166550010000022991000022998
35140502558157011520550000022237081583139340
35140554386933000511550040000687191001972460
35140543249515000132550010000162201507581070
35140617192860000177550010000003251000003259
35140605331114000138550010000001491001010309
35140605953723000129550030001059221269536629
35140604617659000142550010000752981000438994
35140653544193000108550010000018761006374546
35140651051811000233550010001154651000010238
35140704617659000142550010000760611000438991
35140713661968000100550010000069891521685627
35140703110650000188550020000271921083904880
35140707564896000180550000000132401601138260
35140705953723000129550030001080091742998740
35140709609532000103550010002134141002435633
35140753544193000108550010000019101006374543
35140704317530000119550010000085291407235298
35140703110650000188550020000272651083905613
35140712721509000102550010000005851000044000
35140704617659000142550010000773101000438993
35140804617659000142550010000774851000438993
35140807393662000118550000000327121000038980
35140872784440000198550010000051091001111290
35140817325279000186550010000005271675903762
35140804617659000142550010000783691000438999
35140874318247000197550030000014351000014354
35141047665559000102550010000216691006320000
35141004617659000142550010000818271000438991
35141072784440000198550010000053121000311121
35141000405542000144550010000009621000300074
35141002877654000123550010000213171540350099
35141069252872000143550050000787561070600235
35141005953723000129550030001154431748697476
35141004427821000402550010000306651443524380
35141109325294000104550010000020531203000070
35141155881809000161550010000119761004493119
35141104617659000142550010000840391000438996
42141110369138000116550010000002011000002049
35141103447408000102550010000057671489054853
35141156807183000106550020000278781000278787
35141156807183000106550020000278791000278792
35141143249515000132550010000183891969042487
35141104617659000142550010000852771000438992
35141169252872000143550050000805111333517412
35141169252872000143550050000806291326965790
35141104617659000142550010000856881000438998
43141113585510000110550020000002341257312170
35141200405542000144550010000010031000300076
35141269252872000143550050000812521179385153
35141203747006000115550010000014851045100670
35141204617659000142550010000869811000438991
35141252559499000175550000000304291764813957
35141255881809000161550010000122401002440333
35141244391803000190550010000005871800080900
35141204617659000142550010000875351000438991
42141210369138000116550010000002771000002806
35141211066317000147550000000006171000500097
35141204617659000142550010000879811000438996
35141204617659000142550010000879811000438996
35141251051811000233550010001341671000046860
35150104617659000142550010000885961000438997
35150104617659000142550010000886141000438997
35150105953723000129550030001214261000830537
35150205331114000138550010000001951990033004
35150201769773000108550030000609681328391571
35150201769773000108550030000609671485342007
35150201769773000108550030000609661792384702
35150201769773000108550030000609651587481109
35150201769773000108550030000609641447549340
35150201769773000108550030000609471422896436
35150201769773000108550030000609401963720101
35150201769773000108550030000609851843505442
35150201769773000108550030000609971599104848
35150201769773000108550030000610341809466380
35150369252872000143550050000859021629789680
35150369252872000143550050000859021629789680
35150301866682000182550010000080651000233532
35150304617659000142550010000934201000438991
35150304617659000142550010000934201000438991
35150344391803000190550010000006041003304001
35150502877654000123550010000239161024020007
35150505953723000129550030001313821365938089
35150504427821000402550010000336981611336036
35150543249515000132550010000206181305505847
35150506070048000152550010000051771000051779
35150605953723000129550030001343661343395663
35150607536973000199550020000167041002764423
35150612585656000100550010000012801000012804
35150647665559000102550010000247681298194089
35150607536973000199550020000168361008457866
35150705953723000129550030001387791414257596
35150772784440000198550010000058671660000000
35150814929689000148550010000011291030000198
35150807393662000118550000000370811000107403
35150805953723000129550030001420061588936532
35150972784440000198550010000059311049802803
35151072784440000198550010000060121005000000
35151072784440000198550010000060591062040306
35151105953723000129550030001515841504913870
42151122417492000158550010000002851040811620
35151105953723000129550030001521971448399845
35151223087717000118550010000000041600010201
35151207536973000199550020000177531002805445
35151272784440000198550010000061981003008087
35151272381189000625550010056408941782745400
35151272381189000625550010056408941782745400
35151272381189000625550010056408941782745400
35160107536973000199550020000178571003051215
35160153544193000108550010000024301006374545
35160252559499000175550000000357591764813956
35160207536973000199550020000179201001699543
35160272381189000625550010057199311770296866
35160272381189000625550010057199311770296866
35160204617659000142550010001463851000438997
35160304617659000142550010001467261000438991
35160343249515000132550010000241521233574055
35160351051811000233550010001772491000068340
35160304617659000142550010001496601000438991
35160372784440000198550010000063961030739428
35160346329322000180550010000197301000197303
32160309262527000401550550000004651031253417
35160451051811000233550010001792481000096056
35160403246792000509550010000339071007155578
35160405198319001916550550000069021007111148
35160423559887000158550010000001111870004600
35160410921911000881550010000421931001668249
35160409262527000240550550000229091031704512
35160523559887000158550010000001321720680506
35160509262527000169550550003013271031929310
35160567908475000151550010000146191000056802
35160569252872000143550050001116921704205031
35160572784440000198550010000065261890400255
35160543249515000132550010000249301351378446
35160543249515000132550010000249301351378446
35160643249515000132550010000251511199478956
35160651051811000233550010001870241000057556
35160758345265000101550000001612331025860457
35160758345265000101550000001612321002546066
33160701332001000449550010000146921179532289
33160701332001000449550010000146921179532289
35160758345265000101550000001613701074087307
41160707500596000480550010000017471369254964
41160707500596000480550010000018551716107341
35160846698338000160550010001948311001948310
35160804023427000166550010000262151000262158
35160846698338000160550010001952751001952756
35160846698338000160550010001954741001954744
35160846698338000160550010001954251001954251
35160823559887000158550010000002071600302087
35160846698338000160550010001959651001959655
35160846698338000160550010001962781001962782
35160846698338000160550010001961461001961469
35160846698338000160550010001965121001965123
35160846698338000160550010001966331001966338
35160804617659000142550010001715451000438992
35160846698338000160550010001971731001971733
35160846698338000160550010001972631001972631
35160846698338000160550010001975871001975876
42160882749987000106550020002916991274984828
35160858345265000101550000001646251021090204
35160846698338000160550010001980501001980508
35160946698338000160550010001992571001992573
42160982749987000106550020002939471259624657
35160984684455007176550010019510271529681113
35160946698338000160550010002001521002001527
35160946698338000160550010002005131002005135
35160946698338000160550010002009481002009480
35160969252872000143550050001200151861475828
35161004617659000142550010001772221000438992
35161046698338000160550010002024591002024590
41161005607657000135550030006450501026756172
35161046698338000160550010002035761002035763
35161008957074000122550030000772731259146907
35161005953723000129550030001933661528691609
42161074156357000108550010000025751732818017
26161009811654000846550100000116261299883733
35161046698338000160550010002049161002049169
41161007500596000480550010000027441378863641
41161007500596000480550010000027441378863641
35161046698338000160550010002050661002050660
35161001291412000190550010000211251409407100
35161146698338000160550010002062831002062839
35161143238138000136550050005405571004996841
35161101291412000190550010000212151907000951
35161184684455007176550010019902831348646450
35161184684455007176550010019902831348646450
35161108957074000122550030000776811889559523
35161261486346000136550020000118721000118723
35161243238138000136550050005442011005033389
35161223559887000158550010000002811777082200
41161205607657000135550030006598261730380378
35161258345265000101550000001707611049123199
35161246698338000160550010002100011002100017
35161208935426000149550010000044851000091220
35161219737843000101550010000003151002920002
35161246698338000160550010002104441002104445
35161252559499000175550000000398271764813959
35161201825164000110550010000006181578587333
42161282749987000106550020003063881934788854
35161260395175000177550010000929211006968890
35161211690424000141550010000125341000125344
35161243243765000165550010002249171009108221
35161246698338000160550010002115721002115727
35170146698338000160550010002117231002117233
35170146698338000160550010002117711002117710
35170104023427000166550010000274481000274485
35170104023427000166550010000274481000274485
35170146698338000160550010002118681002118687
35170123559887000158550010000003131780323028
35170114503529000132550000000031821001050192
35170143243765000165550010002269391002269396
35170108935426000149550010000045241000091870
35170146698338000160550010002129641002129647
35170123559887000158550010000003231712122850
35170104660028000106550000000374401135667662
35170104660028000106550000000374391133693274
35170146698338000160550010002141471002141471
35170101771935000215550030006035261026925180
35170104427821000593550010001651091722522188
35170204617659000142550010001923501000438993
35170204617659000142550010001923501000438993
35170246698338000160550010002151771002151776
35170246698338000160550010002155101002155103
35170246698338000160550010002156661002156666
35170204617659000142550010001930981000438995
35170204617659000142550010001930981000438995
35170271702716000774550020011018251082868700
35170271702716000774550020011018251082868700
35170246698338000160550010002163361002163360
35170272784440000198550010000071451000071456
35170246698338000160550010002167741002167740
50170209570732000434550010001791891006195499
50170209570732000434550010001791891006195499
35170246698338000160550010002175081002175083
35170266110404000146550010002196261004987174
35170247110960000178550010006434481375072928
35170246698338000160550010002178741002178742
35170346698338000160550010002183461002183467
35170346698338000160550010002188271002188274
35170346698338000160550010002189691002189691
42170309176237000100550040000761561594181608
31170316701716000156550250036306891139653332
41170371702716001070550020003029751756810705
35170346698338000160550010002208761002208765
32170302101894001618550020000654231002665787
35170346698338000160550010002211041002211046
35170303439316003350550010029381611552897280
35170351051811000233550010002140521000059612
35170312066541000100550010000021571566738414
35170455881809000161550010000166641002238889
35170446698338000160550010002224451002224455
35170405953723000129550030002182421242185895
41170471702716001070550020003031591721011700
35170404660028000106550000000381581573622515
35170401291412000190550010000222371409407105
35170446698338000160550010002234071002234071
35170402641817000174550010000289631005662312
35170446698338000160550010002242531002242534
35170446698338000160550010002246971002246978
35170546698338000160550010002255321002255320
35170514759173000100550050000957541599486326
35170543249515000132550010000287941761750686
35170546698338000160550010002267441002267449
35170504660028000106550000000385091799371964
35170546698338000160550010002273381002273380
35170505953723000129550030002235061588325088
35170505953723000129550030002237111797033145
35170504617659000142550010002015351000438994
35170505953723000129550030002238791711651483
35170523559887000158550010000004621102712201
35170546698338000160550010002283321002283327
35170672381189000625550010065506551466088827
35170672381189000625550010065506551466088827
35170672381189000625550010065524121153978166
35170672381189000625550010065524121153978166
35170658345265000101550000001812001919412341
35170646698338000160550010002314991002314990
35170652559499000175550000000418201764813959
35170646698338000160550010002316401002316407
35170605015229000113550010000455411000455415
35170672381189000625550010065850441395300559
35170672381189000625550010065850441395300559
35170705430618000105550010000117031000117030
35170701291412000190550010000229421409407104
35170705015229000113550010000461601000461603
35170758345265000101550000001831891288536969
35170743249515000132550010000295391006127014
35170704438473000126550010000005001040128042
35170804617659000142550010002074291000438990
35170803447408000102550010000086211005020057
35170801291412000190550010000232851409407101
35170872784440000198550010000076031000076031
35170801866682000182550010000107351891830370
35170811999894000191550010000003691023052664
35170805953723000129550030002374561806104672
35170869252872000143550050001387991541921076
35170911999894000191550010000003791298290337
35170972381189000625550010067440401823953170
35170972381189000625550010067440401823953170
35170928219126000170550010000001171000001170
35170969252872000143550050001406251805878465
35170969252872000143550050001406251805878465
35171000405542000144550010000019361702689079
35171106091132000152550010000002291000002295
35171105953723000129550030002475551254566190
35171155257034000158550010000218661064715009
35171155257034000158550010000218671064715006
35171205953723000129550030002534811000702673
42171202067259000185550010000188201000188201
42171282749987000106550020003563081526754433
35180105953723000129550030002545981573223335
35180105953723000129550030002549781159608421
35180101597589000110550010003685591468781313
35180109103835000303550030000270271108329013
35180101597589000110550010003693141262890194
35180101597589000110550010003704801182423992
35180101597589000110550010003704811214730655
35180101597589000110550010003706671793415090
35180101597589000110550010003706611945721527
35180172784440000198550010000080031000080037
35180272381189001001550010001146841447825978
35180272381189001001550010001146841447825978
35180296574314000177550010000042551020080113
35180272381189001001550010001145671567320583
35180272381189001001550010001145671567320583
35180324511470000188550010000002651096806101
35180305953723000129550030002651641858034595
42180382749987000106550020003670111565005268
35180372381189001001550010001780761062354877
35180372381189001001550010001780761062354877
35180372381189001001550010001979591356692592
35180372381189001001550010001979591356692592
35180405953723000129550030002681841512608054
35180455257034000158550010000231921064715000
35180455257034000158550010000231941064715004
35180409103835000303550030000297801038876156
35180472784440000198550010000082141000082140
35180414759173000100550050001097671732432001
35180472784440000198550010000082151000082156
35180472381189001001550010002622801463490550
35180472381189001001550010002622801463490550
35180572381189001001550010003334661284364594
35180572381189001001550010003334661284364594
35180672381189001001550010003738921862151777
35180672381189001001550010003738921862151777
35180655257034000158550010000236981064715008
35180705953723000129550030002821161794619327
35180772381189001001550010004182401961607211
35180704438473000126550010000007171000191703
35180772381189001001550010004310571075157758
35180772381189001001550010004310571075157758
32180701771935001025550160000821751024715526
35180872381189001001550010004612931660367495
35180872381189001001550010004612931660367495
35180843249515000132550010000340651459222140
35180860869203000140550010001895971888038005
35180860869203000140550010001895961934788850
35180852559499000175550000000470851183579245
35180849795800001530550010005875711012064154
35180845445210000121550010003767531037100164
35180807358761019188550010000264211994261286
35180860869203000140550010001903201257312275
35180852559499000175550000000471891185661407
35180903375200000117550010000025901150593643
35180907358761019188550010000268361980327539
35180901866682000182550010000119081193226152
35180907358761020194550040000670741011097692
35180907358761020194550040000670751231839563
35180960869203000140550010001923321733208446
35180907358761024696550010000464641696409040
35180913598863000154550010000033561106558335
35180903375200000117550010000027121142780531
35180903375200000117550010000027171373861266
35181004660028000106550000000425141196871356
35181001866682000182550010000119671497133104
35181004660028000106550000000425671554638239
32181005607657001379550050000080501332599136
35181072381189001001550010005973131894672110
35181072381189001001550010006021211420764683
35181072381189001001550010006021211420764683
35181072381189001001550010006077711044158007
35181072381189001001550010006077711044158007
35181055257034000158550010000249851064715001
35181052559499000175550000000479401213097961
35181196574314000177550010000045641000045643
35181172381189001001550010006471781619946550
35181172381189001001550010006471781619946550
35181205045200000184550010001432231589553196
35181260869203000140550010001998231911360505
42190109176237000100550040000989421833882734
35190243249515000132550010000360921210361181
35190272381189001001550010008831281975248631
35190272381189001001550010008831311755747570
43190387839627000119550020000118621836903077
43190387839627000119550020000118731251510660
35190443249515000132550010000367811271260166
35190405953723000129550030003311331332596271
35190405953723000129550030003311341880585698
35190405953723000129550030003313221599176992
35190431753863000163550010000000041201389043
35190443249515000132550010000368521127020742
35190405953723000129550030003323281789780651
35190448602072000135550010000039371999996069
35190403168880000106550010000047931147570924
35190401769773000108550030000803521566164687
35190402294657000134550010000296971835243290
35190572381189001001550010010582341744266206
35190572381189001001550010010582351213516756
35190572784440000198550010000090661000090661
35190544884658001908550100000574051011976024
35190508920836000116550010000023751000023750
35190603739854000182550010000006691660607751
35190643249515000132550010000373231595245428
35190643249515000132550010000373801825032834
35190612239365000152550010000008531000050904
35190705953723000129550030003445071282831272
35190754866173000116550010000062351000062350
35190905953723000129550030003578121807003742
35190972381189001001550010013987521965446544
35191006942602000144550010000066981412272038
35191072381189001001550010014136631701069737
35191057773509000194550000000444381644534155
35191072381189001001550010014653171046652160
35191072381189001001550010014647071679638877
35191126362549000110550010000001011123172440
35191105364254000102550030000050641136937080
35191155257034000158550010000283721064715004
35191150770445000129550020001538391100036887
35191150770445000129550020001538911100009103
35191200776908000191550010000085391720382871
35200143249515000132550010000394761162446410
35200103013854000362550000000844651517111670
35200103013854000524550000000001511567550975
35200205953723000129550030003885031690773540
35200272381189001001550010017691111704193370
35200272381189001001550010017691111704193370
42200231318578000114550010000000441500009606
35200358345265000101550000002447721759271934
35200358345265000101550000002449661013876761
35200357958175000123550000001047641073519593
35200358345265000101550000002452001844937516
35200307837133000166550010000039381000030983
35200300405542000144550010000026631526943167
35200355257034000158550010000292991064715003
35200358345265000101550000002459501746964152
35200358345265000101550000002459781767804295
35200406091132000152550010000004241351476492
35200457773509000194550000000468181900708740
35200472784440000198550010000099461000000284
35200472784440000198550010000099571000000300
35200450747286000141550010000123821000173690
35200472381189001001550010018901181859270590
35200444884658000260550100002143471271627329
35200415920434000187550010000008171239486393
41200405607657000135550030008888621008418888
35200528219126000170550010000134521565130775
35200505953723000129550030004063191731518217
35200557773509000194550000000473121499142548
35200555257034000158550010000297001064715005
35200572381189001001550010019736531402475810
35200572381189001001550010019736531402475810
43200513133084000183550010000007591508000000
35200572381189001001550010019766941947459151
35200596662853000168550010000002081004600000
35200672381189001001550010020019561238030682
35200672381189001001550010020019561238030682
35200615920434000187550010000008621455956141
35200705364254000102550030000054571136937089
35200772381189001001550010021003531844249249
35200772381189001001550010021003531844249249
35200722703547000196550010000004001301767094
35200706942602000144550010000075981561224101
35200815920434000187550010000009031669532476
32200801771935001025550160001647861019726424
35200843249515000132550010000413501306546345
35200807398335000159550010000011771667281166
35200804659127000178550010000096771054733519
35200896574314000177550010000053251777693539
35200872381189001001550010022503771513023975
35200915920434000187550010000009631098484094
35200948602072000135550010000043601002226585
35200972381189001001550010022622751555150122
41200905607657000135550030009045671003825152
35200901328472000130550010000024841666035875
42200909176237000100550040001248331501954578
35200911999894000191550010000008771590447141
35200943249515000132550010000416341607761543
33200905051385000130550010000111351046076101
43200913133084000183550010000007911046056177
41200905607657000135550030009086111000178987
35201006893079000103550010000004681064289408
42201009176237000100550040001261691585001775
35201001328472000130550010000024991613513520
35201004660028000106550000000490031776325483
35201002198452000155550010000059331397964720
35201057773509000194550000000498011305624778
42201009176237000100550040001285821931009360
35201061069373000103550010031126631952865680
35201015920434000187550010000010571798269208
35201072381189001001550010024138761760506199
35201072381189001001550010024138771122455678
35201072381189001001550010024135981964959389
35201072381189001001550010024135981964959389
35201072381189001001550010024135991022701376
35201072381189001001550010024135991022701376
35201072381189001001550010024135571010811210
35201072381189001001550010024135571010811210
35201143249515000132550010000420501231508242
35201115920434000187550010000010631044931814
35201155257034000158550010000309681064715003
35201144884658001908550100000786951286585980
35201172381189001001550010024489761920350933
35201172381189001001550010024489761920350933
35201172381189001001550010024489741271868223
35201172381189001001550010024489701632447199
35201105959096000133550010000033801521822240
35201103013854000362550000000866931925906397
35201155257034000158550010000310221064715000
35201155257034000158550010000310231064715007
35201146542668000161550010000067131000884570
35201243249515000132550010000423851063823099
41201205607657000135550030009188961100085017
41201205607657000135550030009188961100085017
41201205607657000135550030009188961100085017
35201207837133000166550010000044991000036916
35201272381189001001550010026110281664640354
35201272381189001001550010026110281664640354
35201257773509000194550000000509011808367789
35210146542668000161550010000067461000884570
35210143249515000132550010000426841893710542
35210172381189001001550010026501411664415418
35210172381189001001550010026501411664415418
35210172381189001001550010026511521027277276
35210172381189001001550010026511521027277276
35210172381189001001550010026511511018834500
35210172381189001001550010026511511018834500
35210152559499000175550000000571381452778690
35210100405542000144550010000029291821597834
35210115920434000187550010000011401430259288
35210172381189001001550010026664371221707635
35210172381189001001550010026664371221707635
35210113173132000167550010000044951000066245
35210146542668000161550010000067531000884575
35210272381189001001550010027398241019547560
35210272381189001001550010027398251546506396
35210203040725000100550010000000051000000062
35210205953723000129550030004749871355888203
43210213133084000183550010000008171030724005
35210272381189001001550010027983371142540232
35210272381189001001550010027983371142540232
35210343249515000132550010000432151571534048
35210317973788000115550010000005391166605103
35210315920434000187550010000011801141032023
35210317973788000115550010000005421022977890
35210305953723000129550030004848051302021058
35210315920434000187550010000011991988492426
35210315920434000187550010000012001911628237
35210315920434000187550010000012011633704981
35210405953723000129550030004920091594987806
35210405953723000129550030004929121729697945
42210403243927000140550010000169871863883630
35210405953723000129550030004944541908416578
35210409103835000303550030000596491552125553
35210454386933000198550010002131881006078358
35210505953723000129550030004987181794134651
43210513133084000183550010000008411000160088
43210513133084000183550010000008421000160085
42210582749987000106550020005368311273024520
42210582749987000106550020005368331094697177
42210682749987000106550020005377371716754073
35210634533748000171550000000003461122736250
35210654386933000198550010002152781006114783
35210696574314000177550010000057681830973018
35210605953723000129550030005059871186830404
35210621415254000140550010000007511000075115
35210672381189001001550010031279221299956049
35210672381189001001550010031279471463479774
35210672381189001001550010031279531245202638
35210605953723000129550030005067081443528132
35210674270208000248550010000028131000164784
35210605953723000129550030005085121859311390
35210643249515000132550010000444251416770470
42210605572506000270550010000144771007962350
35210657773509000194550000000548121580125855
35210727658538000144550010000004501130000590
42210705572506000270550010000146051008032750
42210782749987000106550020005464271059057983
35210805953723000129550030005206341623885563
42210882749987000106550020005525331320160373
35210972381189001001550010033939891675434263
35210972381189001001550010033940091802727315
35210972381189001001550010034096211887337010
35210972381189001001550010034096211887337010
42210905572506000270550010000150381008270902
35210911414847000139550010000034251000342515
35210972381189001001550010034473471480674940
35210972381189001001550010034473471480674940
35210972381189001001550010034570791401020985
35211005953723000129550030005400591216450093
35211054386933000198550010002223801000089650
35211002899214000177550020000019951000078498
35211032508846000123550010000069321485748658
42211182749987000106550020005653801925430683
42211105572506000270550010000153571008446356
35211164112295000170550010000330511906812380
35211117062458000178550010000196401045960837
35211105953723000129550030005482461633498813
35211144884658001908550100000939751023326747
35211115819366000164550010000000011000044002
35211217062458000178550010000197171587737850
42211282749987000106550020005701401274984820
42211282749987000106550020005708681833018422
42211282749987000106550020005712181600349698
35211205953723000129550030005540601865701569
35211205953723000129550030005562431553814626
35211257773509000194550000000589141833333791
35211257773509000194550000000589691848684550
35220272381189001001550010038731291172897124
35220272381189001001550010038796661066485860
35220205953723000129550030005696181102786852
35220209103835000303550030000672071142593791
35220309103835000303550030000676141748357713
42220309176237000100550040001516161592100302
42220303243927000140550010000196381435208111
31220316701716000156550250055678201310834103
35220405953723000129550030005797201565330645
35220405953723000129550030005797211955491683
35220472381189001001550010040540101323530205
35220405953723000129550030005802611314100981
35220405953723000129550030005815451600351556
35220405953723000129550030005845281216615197
42220503243927000140550010000199611845480441
35220572381189001001550010041495141082750514
35220517062458000178550010000208411391644225
35220611414847000139550010000037811000378117
35220611414847000139550010000037871000378714
35220672381189001001550010042792411200902686
42220603243927000140550010000203431341232601
35220657773509000194550000000630101041894880
35220617062458000178550010000210061221639218
35220657773509000194550000000631721705355517
35220705953723000129550030006045431288895715
42220803243927000140550010000207871401706322
35220872381189001001550010044455341385384046
35220872381189001001550010044455341385384046
35220872381189001001550010044642421906744973
35220905953723000129550030006162151175117082
35220934971870000120550010000489951194236592
35220972381189001001550010045155771063620291
35220972381189001001550010045155771063620291
35220972381189001001550010045155821968801312
35220972381189001001550010045155801894345306
35220972381189001001550010045155801894345306
42220903243927000140550010000211641761248319
35220911414847000139550010000039361000393619
35221148354965000109550010000010011000000021
35221144884658000189550100002714361595453831
35221172381189001001550010046701061150354141
35221172381189001001550010046701051179641710
35221172381189001001550010046701241654366915
35221102590671000185550010000287301000182845
42221203243927000140550010000217771407073410
35221248602072000135550010000050801008505550
35230172381189001001550010048239801602011876
35230105953723000129550030006462241878223377
35230105953723000129550030006462311881301787
35230105953723000129550030006462261131986058
35230105953723000129550030006462251644166188
35230105953723000129550030006462271105851512
35230105953723000129550030006462351597198704
35230105953723000129550030006462281198342416
35230217062458000178550010000224871346411540
35230217062458000178550010000225141186452880
35230202952561000701550010002500291003588640
35230256087497000181550000000006771858686746
35230372381189001001550010050054211797951840
35230372381189001001550010050054201284734350
35230372381189001001550010050054191185208390
42230382749987000106550020006486201779646473
35230319808327000112550010000012431123279804
35230372381189001001550010050274531903091985
35230372381189001001550010050274531903091985
35230317062458000178550010000226621146322965
35230372381189001001550010050274271013837819
35230302521549000157550010000028001007047530
35230348602072000135550010000051491003120330
35230417062458000178550010000228101956097916
35230402952561000701550010002518451003647530
35230405953723000129550030006609841535699037
35230601265002000175550010000044181557867170
35230648602072000135550010000051831958922748
35230603110650000188550010000422471852786520
35230600470440000102550010000469591000348731
42230682749987000106550020006666801284135439
31230918891004000172550010000166121353382792
35230974270208000248550010000039441000027290
35230972381189001001550010056219101365433146
35230972381189001001550010056219101365433146
35231022398647000156550010000002021092840327
35231058446162000138550020000000791311725184
35231005953723000129550030006846121334742324
35231105953723000129550030006866071802115334
35240105953723000129550030006905821983234874
35240105953723000129550030006905831983891880
35240116685538000117550010000709841840854431
35240105953723000129550030006913381530714020
35240105953723000129550030006913141589336411
35240105953723000129550030006913101669783881
35240105953723000129550030006913111552365920
35240105953723000129550030006913131845705460
35240105953723000129550030006913121165461664
35240105953723000129550030006923271837668110
35240233019827000104550010000000371631200200
35240229844298000106550010000008301352828562
32240205075302000304550010000100841640499312
43240202594636000134550000000726401685206159
43240202594636000134550000000726401685206159
32240201771935001025550160003913791298332055
32240201771935001025550160003913791298332055
32240201771935001025550160003913791298332055
32240201771935001025550160003913791298332055
35240372381189001001550010062034071237564736
35240337367280000180550010000008111509544170
35240304171978000177550010000030891210169023
35240304617659000142550010010908721724389996
35240472381189001001550010063358491823138666
35240472381189001001550010063358471611072683
35240472381189001001550010063358501371255539
35240472381189001001550010063358511337301768
35240472381189001001550010063358521034910633
35240405953723000129550040000104351380540244
35240456728017000114550020000255701985623739
35240411870848000198550010000105111289458699
35240472381189001001550010063574071435151856
35240472381189001001550010063574081044880067
35240405953723000129550040000107501046520411
32240401771935001025550160003972331192007010
32240401771935001025550160003972331192007010
35240407203154000987550010000033721489064734
35240461498861000136550010000196171400303885
32240405075302000304550010000110441698565683
35240511870848000198550010000106161017758094
35240548602072000135550010000054291967374758
35240511513981000197550010000442351001696930
35240504171978000177550010000031651386083874
35240506942602000144550010000116581442673510
35240505953723000129550040000150951037372340
35240551462471000152550020008969401461521670
35240619708280000115550010000125331266548433
35240619708280000115550010000125361931476058
35240619708280000115550010000125341187508100
35240619708280000115550010000125351333750680
35240604961416000127550020000188331243546235
35240619708280000115550010000125761631706550
35240622398647000156550010000002401474083349
35240607358761033920550010000186841125252985
35240607358761020194550040003244471482480881
35240603375200000117550010000140461164550078
35240600725247000175550030000064561104614860
35240607358761019188550010000863421217783181
35240607358761033920550010000188781813574245
35240607358761020194550040003252081372075856
35240672381189001001550010066088621402614461
35240672381189001001550010066088621402614461
35240607215926000143550020000390381155206584
35240672381189001001550010066088651711422348
35240672381189001001550010066091591515788970
35240672381189001001550010066091591515788970
35240607358761022480550010002667391614622640
35240604171978000177550010000032311914441032
35240617624952000189550010000001321172202400
35240607358761020194550040003261731891316908
35240643799295000110550010000282891520374086
35240649106251000144550030000000351735444605
35240705953723000129550040000191381597897303
35240722600664000124550010000004991071117128
42240711468157000243550010000034641873878350
35240819708280000115550010000129681452698495
35240811709648000158550000000066331202520987
35240811092842000137550010000005151062156091
35240819723168000153550010000008951681428627
35240951051811000233550010008500971000076052
35240972381189001001550010068608251326646343
35240972381189001001550010068608261092824370
35240906222641000177550010001076421005057137
35240923693193000109550010000583151239527913
35240954953369000148550010000137141080574824
35240929844298000106550010000009521954037294
35240918736481000163550010000018771460379860
35240923693193000109550010000586251847808300
35240954953369000148550010000138461968668283
31240913477477000619550150009893351321553056
35240904171978000177550010000033631847880106
32240901771935001025550160004202341641683655
35241011416375000153550010000022551007737046
35241004171978000177550010000033801400866526
35241007358761033920550010000221001423739246
35241072381189001001550010069949701954307683
35241056087497000181550000000012441603779454
42241045693524000143550010000001621000002240
35241004599629000150550010000010501007008753
35241007358761033920550010000225041970824637
35241007358761033920550010000225091519057410
35241057773509000194550000000815551861964480
35241057773509000194550000000816421575422318
35241133725378000101550020004093171727727970
35241157773509000194550000000821761529443978
32250217973788000204550010000002331847049421
35250251051811000233550010008767921000043769
35250259104422002446550350007517551730503993
35250348260250000197550010000000351914987120
35250304617659000142550010012781701704389994
35250405953723000129550040000569121537672649
32250423209013001223550010000784511138381535
32250423209013001223550010000783961134449450
35250403877363000106550550000376051711664202
35250407358761022480550010002882601603457063
35250405953723000129550040000590091607750316
35250400014425000150550010000073101645025890
35250407187179000187550010004148431420973600
35250592216209000881550010002284591267010571
35250551051811000233550010008914421000047915
35250551051811000233550010008914421000047915
35250551051811000233550010008914451000075481
35250542839677000168550010000005761675851192
35250522704202000157550010000061291368556838
35250504617659000142550010012998361364389913
35250551051811000233550010008922041000014602
35250551051811000233550010008922041000014602
35250504317530000119550010000238021505088028
35250519364142000166550010000178911658561478
35250551051811000233550010008924921000053130
35250551051811000233550010008924921000053130
35250551051811000233550010008928781000036149
35250551051811000233550010008928781000036149
35250592216209000881550010002287501007750622
35250551051811000152550010006455661000018213
35250551051811000233550010008932241000099958
42250526343271000133550010000120711000801146
35250526674415000134550010000615491577830334
35250551051811000233550010008936061000017971
35250560297884000110550010000814331604832029
35250560297884000110550010000814351270068916
35250507286371000120550010001481151779983600
35250521532055000112550010000600481488743547
35250519708280000115550010000150781576399548
35250516652531000107550010000078881677407962
35250526674415000134550010000617191840701180
35250551051811000233550010008946581000038244
35250519364142000166550010000179391961905205
35250507854634000150550010000305261664478735
35250551051811000233550010008949541000059087
35250512665716000197550010000042971507510340
35250562984885000168550020003893771627627351
35250508804184000154550020005005201741643452
35250551051811000233550010008957701000023349
35250526674415000134550010000618911797778250
35250560187903000155550030001719821008737702
35250562984885000168550020003894951714070073
35250562984885000168550020003894911923277291
